6
10
0
12
0
15
10
6
10
18
20
19
19
0
2
20
19
12
10
0
11
15
0
11
15
0
11
15
0
11
15
0
11
15
0
11
15
0
11
15
0
11
15
0
11
15
0
11
15
0
11
15
0
11
15
0
11
15
0
11
15
0
11
15
0
11
15
0
11
15
0
11
15
0
11
15
0
11
15
0
11
15
0
11
15
0
11
15
0
11
15
0
11
15
0
11
15
0
11
15
0
11
15
0
11
15
0
11
15
0
11
15
0
11
15
0
11
15
0
11
15
0
11
15
0
11
15
0
11
15
0
11
15
0
11
15
0
11
15
0
11
15
0
11
15
0
11
15
0
11
15
0
11
15
0
11
15
0
11
15
0
11
15
0
11
15
0
11
15
0
11
15
0
11
15
0
11
15
0
11
15
0
11
15
0
11
15
0
11
15
0
11
15
0
11
15
0
11
15
0
11
15
0
11
15
0
11
15
0
11
15
0
11
15
0
11
15
0
11
15
0
11
15
0
11
15
0
11
15
0
11
15
0
11
15
0
11
15
0
11
15
0
11
15
0
11
15
0
11
15
0
11
15
0
11
15
0
11
15
0
11
15
0
11
15
0
11
15
0
11
15
0
11
15
0
11
15
0
11
15
0
11
15
0
11
15
0
11
15
0
11
15
0
11
15
0
11
15
0
11
15
0
11
15
0
11
15
0
11
15
0
11
15
0
11
15
0
11
15
0
11
15
0
11
15
0
11
15
0
11
15
0
11
15
